# GIMP colorrc
# 
# This file holds a list of recently used colors.

(color-history
    (color-rgba 0.39013605442176874 0.63617346938775499 0.92500000000000004 1)
    (color-rgba 0 0 0 1)
    (color-rgba 1 1 1 1)
    (color-rgba 0 0 0 4.6645530472144167e-310)
    (color-rgba 0.13325668934507209 0.22209446900392527 0.27173913043478259 1)
    (color-rgba 0.39867087774707194 0.66723562697878191 0.81372549019607843 1)
    (color-rgba 0.16862745583057404 0.16862745583057404 0.16862745583057404 1)
    (color-rgba 0.40000003576278687 0.40000003576278687 0.40000003576278687 1)
    (color-rgba 0.035294119268655777 0.035294119268655777 0.035294119268655777 1)
    (color-rgba 0.59215686274509804 0.59215686274509804 0.59215686274509804 1)
    (color-rgba 0.7803921568627451 0.7803921568627451 0.7803921568627451 1)
    (color-rgba 0.027450980392156862 0.027450980392156862 0.027450980392156862 1)
    (color-rgba 0.37254901960784315 0.37254901960784315 0.37254901960784315 1)
    (color-rgba 0.27843137254901962 0.27843137254901962 0.27843137254901962 1)
    (color-rgba 0.24705882352941178 0.24705882352941178 0.24705882352941178 1)
    (color-rgba 0.21568627450980393 0.21568627450980393 0.21568627450980393 1)
    (color-rgba 0.18431372549019609 0.18431372549019609 0.18431372549019609 1)
    (color-rgba 0.090196080505847931 0.090196080505847931 0.090196080505847931 1)
    (color-rgba 0.12156862745098039 0.12156862745098039 0.12156862745098039 1)
    (color-rgba 0.058823529411764705 0.058823529411764705 0.058823529411764705 1)
    (color-rgba 0.15294117647058825 0.15294117647058825 0.15294117647058825 1)
    (color-rgba 0.81176477670669556 0.81176477670669556 0.81176477670669556 1)
    (color-rgba 0.43529411764705883 0.43529411764705883 0.43529411764705883 1)
    (color-rgba 0.3411764705882353 0.3411764705882353 0.3411764705882353 1)
    (color-rgba 0.46666666666666667 0.46666666666666667 0.46666666666666667 1)
    (color-rgba 0.54509806632995605 0.54509806632995605 0.54509806632995605 1)
    (color-rgba 0.65490196078431373 0.65490196078431373 0.65490196078431373 1)
    (color-rgba 0.52941176470588236 0.52941176470588236 0.52941176470588236 1)
    (color-rgba 0.54411764705882359 0.54411764705882359 0.54411764705882359 1)
    (color-rgba 0.20238095238095241 0.84999999999999998 0.84999999999999998 1)
    (color-rgba 0.76000000000000001 0.40326530612244893 0.40326530612244893 1)
    (color-rgba 0.58823529411764708 0.58823529411764708 0.58823529411764708 1)
    (color-rgba 0.73529411764705888 0.73529411764705888 0.73529411764705888 1)
    (color-rgba 0.93478260869565222 0.77956127561088384 0.55883742911153123 1)
    (color-rgba 0.67500000000000004 0.5294587804719072 0.32250000000000001 1)
    (color-rgba 0.7137255072593689 0.7137255072593689 0.7137255072593689 1)
    (color-rgba 0.71372549019607845 0.71372549019607845 0.71372549019607845 4.6380107347226518e-310)
    (color-rgba 0.71232876712328763 0.71232876712328763 0.71232876712328763 1)
    (color-rgba 0.035294119268655777 0.043137256056070328 0.10588236153125763 1))

# end of colorrc
